$ANSIBLE_VAULT;1.1;AES256
38636535363736666531326136643766613864343535613963653735363062663132336437376665
3736646535666164333933316237636363643535363637310a646137336166633934393664366438
30326161356561393837363134343837386162356331306634346639356261323430653964333039
3139393164346330630a316330666330303233643965373961626537306462376237636561326137
61656230313339336365393132376635363930326438623030303032643864383865623661613936
39393838633937636333396637386239346437643064313461623636653763623134313035333039
33616136323738363664326561633731383336373266666336613037363166323330306634656338
65313230323062623332613365643530303732383464666137623261336631313334666436306333
37396663396163393066623038363639646166616631616661646433646336376162623839636163
35373431316163303631396533376637623333613736643836333233383336366532353561353139
64356236326135313062393133646134383062306163386461393463323236356639343763616664
39373333396136616663316234643962383435306534356130393731393731383937376133613362
32303638303066653635636636626464363465333732386230303763353862376663396262323761
37383630363838656366633035346566303131326331636266613063656466666437343466616461
30663437396234396639653866366433313830323936383836313662323064666339623761623930
66373634393536363464656539626330363866326334363539366665326132613462666662663730
34346236343239333839613966333436616531333930393133306262323565356465623539626230
36306537656366353965326333303533656339363836613233326362343130313232653564363064
37346361363638653561303633386166333934623238396561343363646637383364346433343530
33666239643031353762613265393630303836333435323537643536623336393034313161636262
34623666336637363534623663356235356636363938636633383136363230386131383261383635
6564376539623363326134653838333433336261303639613731
