$ANSIBLE_VAULT;1.1;AES256
32323136303166623431316565343966666133376131616437343434356237633165353964633135
3230616662373830656432613735303264393130386231610a643635616633343861343233373530
38613366653165653032653761303534303463323630663136373161323438323833653839303633
6562666533633862640a356235383165326362353234326438353133326262326539366266633630
34343930643762306131326432316139336438336133656133393963393538613562323834343733
63323939356561656530353663353534653961373664333962643932373533656437373538366562
61363331346565323138363762316236636438333161303035356464363464393461373632653162
39396163383363363738333662323666313134333361643333636636633332343530356162643437
61613564373534653663653034326437336164316365376331396233356436326439643532353432
61313339383235623530663839363831613235636231353361373432343166646535623135316232
62336435333932646635333238393564623936666363623765396363363733646636643132323339
36383738303739633736383565373234653334613636616231396265626462363738333835623761
66383137613536303562653838623663626461646662396230326632356362313430376266383066
62306663663266393937306631386563343234383835643166363262346263333637616439343438
62623430663365383838663633353730623631373339656337383562333232313638643261643861
39633236303166336563393762396237633332366230356131353165313261376636356264626132
36613434343064643733303062306238626634663135623562353562363633336336343730646533
66623935653937616330306332383633356536633235383861623865653131643033356136623339
65613765623064313031333930333366363031613566303539366461633333353039646632623064
63343338623763633830626234373137633531663861663331303138333231393931646433343330
39353532343536333039333039653638663863333162636466646666613837623935383832303035
34633764343661633037623839333030633736643534393231633839646666383739323038363534
66636233353061376161303835323164636435636332323536643731383863393335303766366561
37393839353436366234333861303638656163653266616537333737396533376261646233363430
31366331376362353437366664663431313131363962656462663666356536363630
